1 858
1 859
1 860
1 862
1 877
1 879
1 882
1 884
1 886
1 889
1 892
1 926
1 929
1 930
1 1049
1 1075
1 1078
1 1079
1 1080
1 1097
1 1098
1 1101
1 1102
1 1115
1 1139
1 1140
1 1141
1 1142
1 1144
2 858
2 859
2 860
2 862
2 877
2 879
2 882
2 884
2 886
2 892
2 926
2 928
2 929
2 930
2 932
2 1049
2 1075
2 1078
2 1079
2 1080
2 1097
2 1098
2 1100
2 1101
2 1139
2 1140
2 1141
2 1142
2 1144
3 858
3 859
3 860
3 862
3 877
3 879
3 882
3 884
3 886
3 889
3 892
3 926
3 929
3 930
3 1049
3 1050
3 1075
3 1079
3 1080
3 1097
3 1098
3 1100
3 1101
3 1115
3 1140
3 1141
3 1142
3 1143
3 1144
4 858
4 859
4 860
4 862
4 877
4 879
4 882
4 884
4 886
4 887
4 892
4 926
4 929
4 930
4 932
4 1049
4 1050
4 1075
4 1079
4 1080
4 1097
4 1098
4 1100
4 1101
4 1115
4 1139
4 1140
4 1141
4 1142
4 1143
4 1144
5 858
5 859
5 860
5 862
5 877
5 879
5 882
5 884
5 886
5 889
5 892
5 926
5 929
5 930
5 1049
5 1075
5 1078
5 1079
5 1080
5 1097
5 1098
5 1101
5 1115
5 1116
5 1139
5 1140
5 1141
5 1142
5 1144
6 858
6 859
6 860
6 862
6 877
6 882
6 884
6 886
6 889
6 892
6 926
6 928
6 929
6 930
6 932
6 1049
6 1050
6 1075
6 1076
6 1079
6 1080
6 1097
6 1098
6 1100
6 1101
6 1113
6 1114
6 1115
6 1139
6 1140
6 1141
6 1142
6 1144
7 858
7 859
7 860
7 862
7 877
7 879
7 882
7 884
7 886
7 892
7 926
7 929
7 930
7 932
7 1049
7 1075
7 1078
7 1079
7 1080
7 1098
7 1100
7 1101
7 1115
7 1140
7 1141
7 1142
7 1144
8 858
8 859
8 860
8 862
8 877
8 879
8 882
8 884
8 886
8 889
8 926
8 929
8 930
8 932
8 1049
8 1075
8 1079
8 1080
8 1097
8 1098
8 1101
8 1115
8 1139
8 1140
8 1141
8 1142
8 1143
8 1144
9 858
9 859
9 860
9 862
9 877
9 879
9 882
9 884
9 886
9 926
9 928
9 929
9 930
9 932
9 1049
9 1050
9 1075
9 1078
9 1079
9 1080
9 1098
9 1101
9 1115
9 1139
9 1140
9 1141
9 1142
9 1143
9 1144
10 858
10 859
10 860
10 862
10 877
10 879
10 882
10 884
10 886
10 926
10 929
10 930
10 1075
10 1079
10 1080
10 1098
10 1101
10 1115
10 1139
10 1140
10 1141
10 1142
10 1144
11 858
11 859
11 860
11 862
11 877
11 879
11 882
11 884
11 886
11 889
11 892
11 926
11 929
11 930
11 1049
11 1075
11 1078
11 1079
11 1080
11 1098
11 1101
11 1115
11 1139
11 1140
11 1141
11 1142
11 1143
11 1144
12 858
12 859
12 860
12 862
12 877
12 879
12 882
12 884
12 886
12 892
12 926
12 929
12 930
12 932
12 1049
12 1050
12 1075
12 1079
12 1080
12 1097
12 1098
12 1100
12 1101
12 1114
12 1115
12 1139
12 1140
12 1141
12 1142
12 1144
13 858
13 859
13 860
13 862
13 877
13 879
13 882
13 884
13 886
13 889
13 892
13 926
13 929
13 930
13 932
13 1049
13 1050
13 1075
13 1079
13 1080
13 1097
13 1098
13 1101
13 1102
13 1115
13 1139
13 1140
13 1141
13 1142
13 1143
13 1144
14 858
14 859
14 860
14 862
14 877
14 879
14 882
14 884
14 886
14 889
14 926
14 929
14 930
14 932
14 1075
14 1079
14 1080
14 1097
14 1098
14 1100
14 1101
14 1115
14 1139
14 1140
14 1141
14 1142
14 1144
15 858
15 859
15 860
15 862
15 877
15 879
15 882
15 884
15 886
15 926
15 929
15 930
15 1075
15 1079
15 1080
15 1097
15 1098
15 1100
15 1101
15 1114
15 1115
15 1139
15 1140
15 1141
15 1142
15 1144
16 858
16 859
16 860
16 862
16 877
16 879
16 882
16 884
16 886
16 889
16 892
16 926
16 929
16 930
16 1049
16 1075
16 1079
16 1080
16 1097
16 1098
16 1100
16 1101
16 1114
16 1115
16 1139
16 1140
16 1141
16 1142
16 1144
17 858
17 859
17 860
17 862
17 877
17 879
17 882
17 884
17 886
17 892
17 926
17 929
17 930
17 932
17 1049
17 1050
17 1075
17 1078
17 1079
17 1080
17 1097
17 1098
17 1100
17 1101
17 1115
17 1139
17 1140
17 1141
17 1142
17 1144
18 858
18 859
18 860
18 862
18 877
18 879
18 882
18 884
18 886
18 892
18 926
18 929
18 930
18 932
18 1049
18 1075
18 1078
18 1079
18 1080
18 1097
18 1098
18 1100
18 1101
18 1115
18 1139
18 1140
18 1141
18 1142
18 1144
19 858
19 859
19 860
19 862
19 877
19 879
19 882
19 884
19 886
19 889
19 926
19 928
19 929
19 930
19 932
19 1049
19 1075
19 1079
19 1080
19 1097
19 1098
19 1101
19 1102
19 1103
19 1140
19 1141
19 1142
19 1144
20 858
20 859
20 860
20 862
20 877
20 879
20 882
20 884
20 886
20 926
20 929
20 930
20 932
20 1049
20 1075
20 1076
20 1078
20 1079
20 1080
20 1097
20 1098
20 1100
20 1101
20 1114
20 1115
20 1116
20 1139
20 1140
20 1141
20 1142
20 1144
