1 119
1 120
1 156
1 157
1 159
1 517
1 520
1 521
1 523
1 524
1 527
1 566
1 570
1 573
1 574
1 575
1 576
1 577
1 578
1 579
1 606
1 607
1 730
1 731
2 153
2 156
2 157
2 159
2 517
2 520
2 521
2 523
2 524
2 525
2 527
2 566
2 570
2 573
2 574
2 575
2 576
2 577
2 578
2 579
2 606
2 607
2 730
2 731
3 119
3 120
3 153
3 156
3 157
3 159
3 517
3 520
3 521
3 523
3 524
3 525
3 527
3 566
3 570
3 573
3 574
3 575
3 576
3 577
3 578
3 579
3 603
3 606
3 607
3 730
3 731
4 120
4 121
4 153
4 156
4 157
4 159
4 517
4 520
4 521
4 523
4 524
4 527
4 566
4 570
4 573
4 574
4 575
4 576
4 577
4 578
4 579
4 606
4 607
4 730
4 731
5 119
5 120
5 153
5 157
5 159
5 517
5 520
5 521
5 523
5 524
5 527
5 566
5 570
5 573
5 574
5 575
5 576
5 577
5 578
5 579
5 603
5 607
5 730
5 731
6 119
6 120
6 153
6 157
6 158
6 159
6 517
6 520
6 521
6 523
6 524
6 527
6 566
6 570
6 573
6 574
6 575
6 576
6 577
6 578
6 579
6 606
6 607
6 730
6 731
7 119
7 153
7 156
7 157
7 159
7 517
7 520
7 521
7 524
7 566
7 570
7 573
7 574
7 575
7 576
7 577
7 578
7 579
7 606
7 607
7 730
7 731
8 153
8 157
8 517
8 520
8 521
8 523
8 524
8 527
8 566
8 570
8 573
8 574
8 575
8 576
8 577
8 578
8 579
8 603
8 606
8 607
8 730
8 731
9 157
9 158
9 159
9 517
9 520
9 521
9 523
9 524
9 527
9 566
9 570
9 573
9 574
9 575
9 576
9 577
9 578
9 579
9 606
9 607
9 730
9 731
10 156
10 157
10 517
10 520
10 521
10 523
10 524
10 566
10 570
10 573
10 574
10 575
10 576
10 577
10 578
10 579
10 606
10 607
10 730
10 731
11 119
11 120
11 153
11 156
11 157
11 159
11 517
11 518
11 520
11 521
11 523
11 524
11 527
11 566
11 570
11 573
11 574
11 575
11 576
11 577
11 578
11 579
11 606
11 607
11 730
11 731
12 157
12 517
12 520
12 521
12 523
12 524
12 525
12 527
12 566
12 570
12 573
12 574
12 575
12 576
12 577
12 578
12 579
12 606
12 607
12 730
12 731
13 120
13 153
13 156
13 157
13 159
13 517
13 520
13 521
13 523
13 524
13 527
13 566
13 570
13 573
13 574
13 575
13 576
13 577
13 578
13 579
13 606
13 607
13 730
13 731
14 119
14 156
14 157
14 517
14 520
14 521
14 523
14 524
14 525
14 527
14 566
14 570
14 573
14 574
14 575
14 576
14 577
14 578
14 579
14 606
14 607
14 730
14 731
15 157
15 517
15 520
15 521
15 524
15 527
15 566
15 570
15 573
15 574
15 575
15 576
15 577
15 578
15 579
15 607
15 730
15 731
16 119
16 120
16 156
16 157
16 159
16 517
16 520
16 521
16 523
16 524
16 527
16 570
16 573
16 574
16 575
16 576
16 577
16 578
16 579
16 603
16 606
16 607
16 730
16 731
17 120
17 157
17 517
17 520
17 521
17 523
17 524
17 525
17 527
17 566
17 570
17 573
17 574
17 575
17 576
17 577
17 578
17 579
17 607
17 730
17 731
18 119
18 153
18 156
18 157
18 159
18 517
18 520
18 521
18 524
18 527
18 566
18 570
18 573
18 574
18 575
18 576
18 577
18 578
18 579
18 606
18 607
18 730
18 731
19 153
19 157
19 517
19 520
19 521
19 522
19 523
19 524
19 525
19 566
19 569
19 570
19 573
19 574
19 575
19 576
19 577
19 578
19 579
19 606
19 607
19 730
19 731
20 157
20 158
20 159
20 517
20 520
20 521
20 524
20 527
20 566
20 570
20 573
20 574
20 575
20 576
20 577
20 578
20 579
20 603
20 607
20 730
20 731
20 733
