GLU                 20      -2.75     0.76      
TRP                 20      -1.73     0.58      
ASP                 20      -1.55     0.83      
ARG                 20      -1.15     0.73      
MET                 20      -1.05     0.27      
GLN                 20      -0.94     0.32      
TYR                 20      -0.89     0.42      
PHE                 20      -0.62     0.31      
ASN                 20      -0.39     0.49      
LEU                 20      -0.36     0.22      
ALA                 20      -0.18     0.22      
PRO                 20      -0.16     0.22      
HIE                 20      -0.10     0.22      
GLY                 20      -0.09     0.22      
HIS                 20      0.00      0.00      
SER                 20      0.02      0.05      
LYS                 20      0.03      0.39      
ILE                 20      0.05      0.09      
CYS                 20      0.07      0.08      
VAL                 20      0.14      0.09      
HIP                 20      0.16      0.33      
