HIS                 20      0.00      0.00      
SER                 20      0.00      0.28      
HIE                 20      0.06      0.22      
ILE                 20      0.09      0.32      
VAL                 20      0.09      0.17      
CYS                 20      0.12      0.18      
GLU                 20      0.18      0.26      
THR                 20      0.18      0.33      
GLN                 20      0.20      0.13      
ARG                 20      0.21      0.20      
MET                 20      0.22      0.20      
HIP                 20      0.32      0.36      
TYR                 20      0.44      0.40      
ASP                 20      0.62      0.27      
PRO                 20      0.63      0.41      
TRP                 20      1.07      0.59      
GLY                 20      1.38      1.30      
PHE                 20      572.45    573.05    
ALA                 20      2094.62   2092.80   
LEU                 20      16155.76  16155.64  
LYS                 20      16156.22  16155.63  
