ARG                 20      -6.46     0.95      
HIP                 20      -0.01     1.30      
HIS                 20      0.00      0.00      
TRP                 20      0.68      1.46      
MET                 20      1.39      0.63      
PRO                 20      1.77      0.75      
HIE                 20      2.95      0.40      
PHE                 20      3.24      0.86      
ASN                 20      6.19      0.83      
ALA                 20      6.48      0.64      
LEU                 20      6.72      1.59      
GLN                 20      6.87      1.00      
CYS                 20      6.88      0.83      
THR                 20      7.11      1.09      
SER                 20      7.66      0.91      
GLY                 20      9.72      0.88      
ASP                 20      17.82     1.89      
ILE                 20      18.60     6.88      
GLU                 20      19.09     1.78      
VAL                 20      20.34     7.57      
TYR                 20      198.09    167.55    
