MET                 20      -0.61     1.07      
HIS                 20      0.00      0.00      
TYR                 20      0.97      0.72      
ARG                 20      2.01      0.99      
PHE                 20      3.42      0.98      
LEU                 20      3.77      1.11      
ILE                 20      4.71      0.95      
GLN                 20      4.81      1.18      
GLU                 20      6.90      1.23      
HIP                 20      6.91      1.17      
HIE                 20      6.99      1.27      
PRO                 20      7.55      1.11      
ASN                 20      7.61      1.35      
THR                 20      7.72      1.49      
CYS                 20      9.16      1.31      
VAL                 20      9.23      2.18      
ALA                 20      10.85     1.51      
SER                 20      10.87     1.72      
LYS                 20      11.55     1.81      
ASP                 20      12.38     1.78      
GLY                 20      13.04     1.68      
