ARG                 20      -9.64     1.71      
HIP                 20      -7.04     1.16      
LYS                 20      -6.70     1.26      
MET                 20      -2.91     0.72      
TYR                 20      -2.37     0.81      
TRP                 20      -2.32     0.38      
PHE                 20      -1.84     0.48      
GLN                 20      -1.80     0.43      
ILE                 20      -1.64     0.28      
LEU                 20      -1.63     0.30      
THR                 20      -1.34     0.25      
VAL                 20      -1.30     0.23      
CYS                 20      -1.28     0.25      
ASN                 20      -1.19     0.19      
HIE                 20      -1.18     0.33      
SER                 20      -0.96     0.24      
PRO                 20      -0.93     0.21      
ALA                 20      -0.70     0.22      
GLY                 20      -0.56     0.24      
HIS                 20      0.00      0.00      
ASP                 20      1.58      0.20      
