MET                 20      -6.92     0.91      
ARG                 20      -6.89     0.81      
LYS                 20      -3.47     0.44      
GLN                 20      -3.25     0.78      
HIP                 20      -2.97     0.35      
ILE                 20      -2.76     0.27      
TYR                 20      -2.69     0.72      
LEU                 20      -1.90     0.28      
TRP                 20      -1.37     0.85      
VAL                 20      -1.18     0.17      
THR                 20      -0.66     0.15      
CYS                 20      -0.63     0.13      
HIE                 20      -0.18     0.67      
PRO                 20      -0.09     0.24      
HIS                 20      0.00      0.00      
SER                 20      0.04      0.12      
PHE                 20      0.27      0.34      
GLY                 20      0.59      0.20      
ALA                 20      0.70      0.21      
GLU                 20      1.86      0.23      
ASP                 20      3.23      0.34      
