HIP                 20      -2.87     0.79      
PRO                 20      -2.84     0.77      
TRP                 20      -2.45     0.87      
MET                 20      -2.41     0.73      
ALA                 20      -1.80     0.74      
GLY                 20      -1.60     0.72      
PHE                 20      -1.48     0.73      
ARG                 20      -1.25     0.46      
TYR                 20      -1.18     0.74      
VAL                 20      -1.13     0.23      
ILE                 20      -1.12     0.43      
CYS                 20      -1.08     0.36      
LYS                 20      -0.90     0.33      
LEU                 20      -0.89     0.25      
SER                 20      -0.89     0.40      
THR                 20      -0.54     0.43      
ASN                 20      -0.46     0.46      
GLU                 20      -0.44     0.39      
GLN                 20      -0.08     0.46      
HIE                 20      -0.03     0.46      
HIS                 20      0.00      0.00      
