ARG                 20      -19.25    2.14      
MET                 20      -13.55    1.49      
HIP                 20      -7.89     1.19      
LEU                 20      -6.36     1.14      
ILE                 20      -4.94     0.68      
HIE                 20      -2.61     0.94      
PHE                 20      -2.57     1.69      
LYS                 20      -2.02     0.80      
VAL                 20      -1.67     0.81      
GLN                 20      -0.78     1.26      
HIS                 20      0.00      0.00      
TYR                 20      0.63      2.52      
PRO                 20      0.89      0.88      
ASN                 20      1.64      0.71      
CYS                 20      3.41      0.66      
SER                 20      4.88      0.45      
ALA                 20      7.18      0.89      
TRP                 20      7.65      3.02      
GLY                 20      10.66     1.40      
GLU                 20      15.08     1.68      
ASP                 20      16.66     1.58      
