HIS                 20      0.00      0.00      
ILE                 20      2.59      0.47      
ARG                 20      3.37      0.95      
SER                 20      3.49      0.34      
VAL                 20      4.90      0.47      
HIP                 20      4.93      0.77      
MET                 20      5.23      1.15      
ASN                 20      7.27      1.14      
CYS                 20      7.64      0.80      
LEU                 20      7.79      0.84      
TRP                 20      8.18      1.28      
TYR                 20      8.25      0.87      
PRO                 20      8.78      1.36      
PHE                 20      9.59      0.90      
GLN                 20      9.82      1.03      
LYS                 20      10.15     1.12      
HIE                 20      10.29     1.00      
ALA                 20      13.12     1.18      
GLU                 20      14.25     1.49      
ASP                 20      15.41     1.09      
GLY                 20      15.81     1.37      
