ARG                 20      -13.79    1.55      
LYS                 20      -7.30     0.94      
HIP                 20      -6.88     0.93      
TRP                 20      -5.55     0.97      
MET                 20      -5.46     0.74      
GLN                 20      -5.20     1.21      
TYR                 20      -4.74     0.91      
LEU                 20      -3.48     0.54      
HIE                 20      -3.47     0.94      
PHE                 20      -3.36     0.77      
ASN                 20      -3.32     0.58      
PRO                 20      -1.68     0.40      
ILE                 20      -1.41     0.27      
VAL                 20      -1.27     0.32      
THR                 20      -0.79     0.29      
ALA                 20      -0.62     0.21      
GLY                 20      -0.35     0.19      
HIS                 20      0.00      0.00      
CYS                 20      0.30      0.21      
ASP                 20      3.41      0.50      
GLU                 20      3.46      0.61      
