GLN                 20      -9.83     1.41      
TRP                 20      -9.01     1.79      
ARG                 20      -8.34     1.27      
MET                 20      -6.41     1.08      
TYR                 20      -6.06     0.84      
LYS                 20      -5.21     1.16      
HIE                 20      -4.77     1.05      
LEU                 20      -4.56     0.84      
PHE                 20      -4.12     0.85      
ASN                 20      -4.10     0.95      
ILE                 20      -3.65     0.80      
HIP                 20      -3.21     1.13      
THR                 20      -2.50     0.54      
VAL                 20      -2.40     0.47      
CYS                 20      -1.32     0.33      
SER                 20      -0.71     0.45      
GLU                 20      -0.69     0.30      
HIS                 20      0.00      0.00      
PRO                 20      0.37      0.56      
ALA                 20      0.83      0.62      
GLY                 20      1.64      0.60      
